50 20
0 74 26 27 89 47 51 97 82 10 76 3 67 16 65 11 11 15 8 5 51 60 61 95 58 97 90 42 49 35 34 82 92 78 93 13 48 46 66 24 53 47 14 29 22 26 96 92 53 65 
74 0 73 91 26 52 72 23 68 92 38 90 79 92 93 78 9 64 81 49 37 5 39 69 91 96 73 9 42 60 87 3 84 35 33 43 77 5 20 66 45 38 79 16 90 70 8 53 50 97 
26 73 0 66 72 22 6 97 25 9 99 5 73 7 63 74 14 62 20 76 63 67 8 20 56 72 55 25 69 6 70 48 69 98 3 51 54 64 40 42 60 62 59 77 92 85 93 62 80 95 
27 91 66 0 73 14 89 57 55 58 8 83 28 3 35 48 3 57 76 85 64 58 1 22 9 45 33 55 35 81 66 50 16 29 43 37 9 81 95 3 53 94 20 54 95 67 32 33 88 50 
89 26 72 73 0 8 87 24 32 49 49 22 53 85 41 50 29 32 66 5 24 27 87 99 35 88 56 17 58 75 10 58 90 14 78 58 12 77 29 86 40 78 98 97 80 43 17 82 57 58 
47 52 22 14 8 0 98 45 71 41 94 79 52 10 69 69 53 43 22 77 67 68 94 49 98 89 81 12 71 92 18 66 17 15 28 73 22 51 7 30 63 79 51 39 32 35 88 45 52 73 
51 72 6 89 87 98 0 11 69 19 16 90 11 44 30 61 24 36 37 54 66 22 93 66 19 99 50 48 64 67 19 2 29 96 75 58 86 3 4 41 15 82 16 72 2 46 66 35 1 67 
97 23 97 57 24 45 11 0 90 49 45 29 61 72 79 93 28 77 58 19 23 32 59 89 75 19 48 23 54 25 51 19 55 43 85 80 55 12 84 19 63 42 59 40 79 29 71 25 94 46 
82 68 25 55 32 71 69 90 0 35 28 37 78 2 75 14 9 87 2 32 21 75 12 63 2 43 91 34 53 74 68 2 69 74 32 94 71 73 38 89 99 25 76 93 22 84 41 4 63 78 
10 92 9 58 49 41 19 49 35 0 1 25 36 44 67 96 44 59 97 28 63 29 11 86 63 68 54 41 79 21 98 90 85 70 17 7 91 97 97 93 12 2 54 8 23 73 11 50 64 26 
76 38 99 8 49 94 16 45 28 1 0 85 42 92 67 68 33 55 24 23 32 77 8 95 11 44 19 76 77 62 86 73 65 83 46 67 39 81 40 93 53 51 52 20 69 43 66 83 90 70 
3 90 5 83 22 79 90 29 37 25 85 0 38 30 69 40 90 37 92 14 32 48 87 58 60 25 35 6 11 19 61 59 75 84 65 94 50 30 87 58 63 19 43 34 12 42 39 86 84 56 
67 79 73 28 53 52 11 61 78 36 42 38 0 18 31 77 5 9 48 86 22 55 96 6 55 2 48 77 76 87 75 43 22 56 32 54 59 8 65 61 92 9 85 63 8 1 27 33 83 91 
16 92 7 3 85 10 44 72 2 44 92 30 18 0 47 88 65 10 78 46 2 70 90 96 84 49 75 64 74 20 4 96 15 38 83 8 87 33 50 58 63 87 32 85 1 74 20 55 69 19 
65 93 63 35 41 69 30 79 75 67 67 69 31 47 0 66 61 47 66 73 47 46 15 73 55 32 9 60 4 13 21 1 82 7 50 40 63 24 64 71 34 37 79 75 29 79 37 73 88 59 
11 78 74 48 50 69 61 93 14 96 68 40 77 88 66 0 66 29 1 18 87 41 68 19 37 35 51 5 76 30 28 2 82 63 30 7 47 68 83 52 12 71 15 54 51 9 72 74 37 42 
11 9 14 3 29 53 24 28 9 44 33 90 5 65 61 66 0 90 78 99 52 63 25 1 10 72 63 61 78 94 94 35 77 71 54 87 42 49 71 60 11 76 77 85 77 68 99 28 37 6 
15 64 62 57 32 43 36 77 87 59 55 37 9 10 47 29 90 0 33 21 74 12 16 85 9 62 84 65 51 43 79 2 79 55 29 71 10 56 97 3 45 38 57 96 85 42 17 70 90 97 
8 81 20 76 66 22 37 58 2 97 24 92 48 78 66 1 78 33 0 5 55 72 93 25 57 9 71 85 14 50 42 24 56 21 13 15 21 85 39 1 96 72 80 20 77 32 67 78 82 24 
5 49 76 85 5 77 54 19 32 28 23 14 86 46 73 18 99 21 5 0 74 38 39 10 96 63 66 30 13 4 64 73 70 65 59 95 34 19 88 78 42 25 86 35 45 16 51 13 28 9 
51 37 63 64 24 67 66 23 21 63 32 32 22 2 47 87 52 74 55 74 0 69 7 8 3 44 42 19 9 49 39 58 1 9 19 18 15 56 46 67 70 65 96 18 85 98 27 35 16 80 
60 5 67 58 27 68 22 32 75 29 77 48 55 70 46 41 63 12 72 38 69 0 25 16 4 13 53 24 85 79 27 69 14 25 52 38 59 77 75 80 53 73 60 21 20 73 44 29 71 47 
61 39 8 1 87 94 93 59 12 11 8 87 96 90 15 68 25 16 93 39 7 25 0 83 9 14 60 57 35 31 87 27 14 99 82 19 64 1 1 31 43 83 31 35 65 35 24 76 61 40 
95 69 20 22 99 49 66 89 63 86 95 58 6 96 73 19 1 85 25 10 8 16 83 0 72 22 46 41 28 91 87 26 18 97 96 32 47 37 21 78 31 64 32 67 62 82 22 97 65 83 
58 91 56 9 35 98 19 75 2 63 11 60 55 84 55 37 10 9 57 96 3 4 9 72 0 88 87 8 74 18 23 53 28 53 27 21 81 49 87 19 30 21 16 31 38 53 76 32 11 6 
97 96 72 45 88 89 99 19 43 68 44 25 2 49 32 35 72 62 9 63 44 13 14 22 88 0 78 84 63 83 54 11 4 78 7 5 85 75 86 43 58 39 30 93 34 34 60 58 38 40 
90 73 55 33 56 81 50 48 91 54 19 35 48 75 9 51 63 84 71 66 42 53 60 46 87 78 0 68 64 33 77 71 32 2 33 74 26 75 97 19 34 75 66 62 81 85 79 68 4 3 
42 9 25 55 17 12 48 23 34 41 76 6 77 64 60 5 61 65 85 30 19 24 57 41 8 84 68 0 2 28 93 74 41 23 70 98 90 44 55 74 18 62 9 77 68 66 26 67 90 84 
49 42 69 35 58 71 64 54 53 79 77 11 76 74 4 76 78 51 14 13 9 85 35 28 74 63 64 2 0 34 74 99 96 89 98 35 28 30 49 55 65 57 74 24 77 21 87 25 71 94 
35 60 6 81 75 92 67 25 74 21 62 19 87 20 13 30 94 43 50 4 49 79 31 91 18 83 33 28 34 0 57 61 68 73 75 74 36 12 36 50 66 42 76 31 23 63 92 7 47 51 
34 87 70 66 10 18 19 51 68 98 86 61 75 4 21 28 94 79 42 64 39 27 87 87 23 54 77 93 74 57 0 86 14 61 99 53 2 50 12 76 1 48 62 24 49 33 75 27 26 39 
82 3 48 50 58 66 2 19 2 90 73 59 43 96 1 2 35 2 24 73 58 69 27 26 53 11 71 74 99 61 86 0 95 23 23 98 30 50 24 26 21 86 19 30 33 92 9 9 29 77 
92 84 69 16 90 17 29 55 69 85 65 75 22 15 82 82 77 79 56 70 1 14 14 18 28 4 32 41 96 68 14 95 0 52 88 77 34 85 48 18 68 87 21 92 66 4 2 71 20 14 
78 35 98 29 14 15 96 43 74 70 83 84 56 38 7 63 71 55 21 65 9 25 99 97 53 78 2 23 89 73 61 23 52 0 41 97 65 51 62 66 45 53 2 74 51 75 69 28 61 7 
93 33 3 43 78 28 75 85 32 17 46 65 32 83 50 30 54 29 13 59 19 52 82 96 27 7 33 70 98 75 99 23 88 41 0 59 87 28 56 11 8 25 36 19 44 17 3 24 18 60 
13 43 51 37 58 73 58 80 94 7 67 94 54 8 40 7 87 71 15 95 18 38 19 32 21 5 74 98 35 74 53 98 77 97 59 0 89 69 82 84 94 63 89 77 55 9 6 35 62 76 
48 77 54 9 12 22 86 55 71 91 39 50 59 87 63 47 42 10 21 34 15 59 64 47 81 85 26 90 28 36 2 30 34 65 87 89 0 69 62 64 53 46 18 1 54 62 78 21 35 78 
46 5 64 81 77 51 3 12 73 97 81 30 8 33 24 68 49 56 85 19 56 77 1 37 49 75 75 44 30 12 50 50 85 51 28 69 69 0 9 22 73 1 32 72 87 57 68 44 27 61 
66 20 40 95 29 7 4 84 38 97 40 87 65 50 64 83 71 97 39 88 46 75 1 21 87 86 97 55 49 36 12 24 48 62 56 82 62 9 0 42 24 22 95 18 24 36 11 91 77 82 
24 66 42 3 86 30 41 19 89 93 93 58 61 58 71 52 60 3 1 78 67 80 31 78 19 43 19 74 55 50 76 26 18 66 11 84 64 22 42 0 93 67 14 63 95 61 21 99 82 57 
53 45 60 53 40 63 15 63 99 12 53 63 92 63 34 12 11 45 96 42 70 53 43 31 30 58 34 18 65 66 1 21 68 45 8 94 53 73 24 93 0 73 94 66 61 48 19 25 77 4 
47 38 62 94 78 79 82 42 25 2 51 19 9 87 37 71 76 38 72 25 65 73 83 64 21 39 75 62 57 42 48 86 87 53 25 63 46 1 22 67 73 0 27 38 42 21 31 46 69 27 
14 79 59 20 98 51 16 59 76 54 52 43 85 32 79 15 77 57 80 86 96 60 31 32 16 30 66 9 74 76 62 19 21 2 36 89 18 32 95 14 94 27 0 28 90 97 59 81 98 30 
29 16 77 54 97 39 72 40 93 8 20 34 63 85 75 54 85 96 20 35 18 21 35 67 31 93 62 77 24 31 24 30 92 74 19 77 1 72 18 63 66 38 28 0 3 97 9 50 77 63 
22 90 92 95 80 32 2 79 22 23 69 12 8 1 29 51 77 85 77 45 85 20 65 62 38 34 81 68 77 23 49 33 66 51 44 55 54 87 24 95 61 42 90 3 0 70 85 78 2 48 
26 70 85 67 43 35 46 29 84 73 43 42 1 74 79 9 68 42 32 16 98 73 35 82 53 34 85 66 21 63 33 92 4 75 17 9 62 57 36 61 48 21 97 97 70 0 28 61 6 27 
96 8 93 32 17 88 66 71 41 11 66 39 27 20 37 72 99 17 67 51 27 44 24 22 76 60 79 26 87 92 75 9 2 69 3 6 78 68 11 21 19 31 59 9 85 28 0 63 81 9 
92 53 62 33 82 45 35 25 4 50 83 86 33 55 73 74 28 70 78 13 35 29 76 97 32 58 68 67 25 7 27 9 71 28 24 35 21 44 91 99 25 46 81 50 78 61 63 0 62 33 
53 50 80 88 57 52 1 94 63 64 90 84 83 69 88 37 37 90 82 28 16 71 61 65 11 38 4 90 71 47 26 29 20 61 18 62 35 27 77 82 77 69 98 77 2 6 81 62 0 68 
65 97 95 50 58 73 67 46 78 26 70 56 91 19 59 42 6 97 24 9 80 47 40 83 6 40 3 84 94 51 39 77 14 7 60 76 78 61 82 57 4 27 30 63 48 27 9 33 68 0 
