30 12
0 11 79 36 5 33 52 14 22 4 51 41 70 69 40 91 97 27 49 28 56 37 92 86 91 44 35 16 72 84 
11 0 16 20 69 18 80 42 75 68 90 12 69 16 11 5 11 6 93 33 71 25 99 12 98 27 56 36 98 35 
79 16 0 88 96 56 10 50 73 60 22 49 39 58 3 30 8 24 16 86 62 29 34 87 2 37 51 70 25 82 
36 20 88 0 12 74 8 75 9 15 94 86 8 27 34 37 52 87 12 77 32 61 97 64 37 62 44 6 93 85 
5 69 96 12 0 80 14 15 2 21 16 45 58 48 58 32 86 62 73 24 76 82 27 4 75 88 23 70 13 79 
33 18 56 74 80 0 81 79 3 30 77 41 83 49 33 2 18 5 64 5 50 98 92 46 64 4 86 30 63 98 
52 80 10 8 14 81 0 66 47 78 48 37 57 47 42 77 22 56 45 44 59 16 89 34 67 28 26 53 89 29 
14 42 50 75 15 79 66 0 3 33 59 86 67 52 17 86 61 97 23 48 12 28 51 56 75 59 9 59 63 61 
22 75 73 9 2 3 47 3 0 50 47 75 65 39 23 80 66 20 9 94 42 56 79 49 57 99 82 44 76 46 
4 68 60 15 21 30 78 33 50 0 20 49 57 35 73 64 46 60 29 3 47 39 79 76 87 15 81 13 49 39 
51 90 22 94 16 77 48 59 47 20 0 35 9 94 90 57 92 49 13 15 15 64 99 12 79 50 12 61 92 67 
41 12 49 86 45 41 37 86 75 49 35 0 65 69 29 77 72 46 66 67 67 64 13 5 11 89 75 74 88 13 
70 69 39 8 58 83 57 67 65 57 9 65 0 87 33 14 91 45 35 42 27 64 90 8 18 37 59 88 66 57 
69 16 58 27 48 49 47 52 39 35 94 69 87 0 87 17 20 8 80 39 17 18 96 22 88 24 71 51 25 70 
40 11 3 34 58 33 42 17 23 73 90 29 33 87 0 73 82 45 95 70 4 55 18 19 68 76 76 68 63 91 
91 5 30 37 32 2 77 86 80 64 57 77 14 17 73 0 46 71 66 4 64 17 45 70 12 45 81 81 76 88 
97 11 8 52 86 18 22 61 66 46 92 72 91 20 82 46 0 47 59 24 96 20 48 29 62 82 69 93 39 64 
27 6 24 87 62 5 56 97 20 60 49 46 45 8 45 71 47 0 6 81 52 96 2 2 85 29 34 95 70 71 
49 93 16 12 73 64 45 23 9 29 13 66 35 80 95 66 59 6 0 38 28 33 18 52 57 37 18 62 77 85 
28 33 86 77 24 5 44 48 94 3 15 67 42 39 70 4 24 81 38 0 49 7 3 11 52 24 99 12 86 6 
56 71 62 32 76 50 59 12 42 47 15 67 27 17 4 64 96 52 28 49 0 23 74 65 38 80 42 43 87 58 
37 25 29 61 82 98 16 28 56 39 64 64 64 18 55 17 20 96 33 7 23 0 47 78 22 42 2 84 22 83 
92 99 34 97 27 92 89 51 79 79 99 13 90 96 18 45 48 2 18 3 74 47 0 35 79 68 11 83 16 61 
86 12 87 64 4 46 34 56 49 76 12 5 8 22 19 70 29 2 52 11 65 78 35 0 73 26 58 62 84 57 
91 98 2 37 75 64 67 75 57 87 79 11 18 88 68 12 62 85 57 52 38 22 79 73 0 47 14 66 13 22 
44 27 37 62 88 4 28 59 99 15 50 89 37 24 76 45 82 29 37 24 80 42 68 26 47 0 24 80 14 61 
35 56 51 44 23 86 26 9 82 81 12 75 59 71 76 81 69 34 18 99 42 2 11 58 14 24 0 67 6 62 
16 36 70 6 70 30 53 59 44 13 61 74 88 51 68 81 93 95 62 12 43 84 83 62 66 80 67 0 94 2 
72 98 25 93 13 63 89 63 76 49 92 88 66 25 63 76 39 70 77 86 87 22 16 84 13 14 6 94 0 79 
84 35 82 85 79 98 29 61 46 39 67 13 57 70 91 88 64 71 85 6 58 83 61 57 22 61 62 2 79 0 
