100 11
0 74 46 59 87 67 66 30 3 87 78 62 90 59 78 35 94 74 92 13 25 23 21 20 90 1 66 35 33 88 25 12 16 70 59 46 63 11 29 69 95 25 91 26 62 78 67 88 17 51 56 70 21 98 11 7 43 50 71 35 40 69 34 81 53 16 76 58 49 48 22 72 21 89 49 84 56 4 23 90 36 6 80 66 29 49 29 59 59 21 76 58 25 72 94 36 16 40 91 88 
74 0 48 53 2 49 25 19 11 36 57 54 54 95 70 60 67 78 94 21 7 48 4 98 93 36 64 45 44 39 89 64 7 98 44 46 83 30 87 47 45 48 33 3 27 75 69 40 24 55 44 7 40 67 70 67 46 74 21 80 78 77 91 10 39 27 6 93 40 71 24 9 30 63 38 65 68 28 18 63 67 17 88 50 83 31 92 10 68 49 38 16 54 55 73 95 9 77 87 10 
46 48 0 4 46 79 32 54 91 7 3 63 71 37 45 27 57 24 36 49 73 36 1 99 10 46 40 85 6 25 33 46 31 28 55 68 53 41 43 15 20 64 27 56 46 80 98 37 42 31 98 7 55 1 18 94 76 59 85 48 77 65 36 96 38 48 38 85 12 25 63 16 4 14 95 53 16 37 33 46 8 73 21 91 56 21 30 12 40 75 32 75 46 49 11 9 21 56 13 67 
59 53 4 0 62 80 16 73 71 47 9 16 62 29 56 7 63 1 29 93 77 66 6 24 66 75 9 60 4 68 63 42 74 43 80 81 67 96 14 14 21 38 22 68 92 13 70 86 87 46 99 60 44 39 11 8 90 29 87 56 69 47 94 67 65 83 88 61 13 92 72 70 28 47 29 92 34 81 76 58 35 28 52 6 2 77 8 55 21 85 91 75 80 43 6 63 31 38 35 95 
87 2 46 62 0 5 23 3 88 33 17 76 30 37 61 70 6 29 47 57 96 17 54 54 62 37 81 86 88 98 50 89 17 82 51 59 32 71 77 11 19 54 75 55 82 72 10 48 22 65 91 29 61 79 74 7 39 90 37 87 27 6 96 39 28 3 51 50 79 64 80 2 26 78 34 2 11 33 24 98 10 12 32 32 89 3 79 17 99 6 56 57 81 7 43 44 2 44 51 46 
67 49 79 80 5 0 5 56 88 75 80 63 91 3 34 36 33 11 80 11 22 71 27 17 45 35 74 76 28 5 99 28 86 90 54 32 48 28 36 39 95 31 63 43 28 90 32 18 99 69 54 70 4 8 80 79 80 8 95 70 26 83 92 17 57 62 14 66 26 25 59 31 26 63 67 18 9 43 42 37 22 54 62 77 99 42 15 65 28 78 11 28 8 96 27 43 21 38 13 16 
66 25 32 16 23 5 0 48 14 20 68 43 63 88 66 83 85 65 75 32 46 45 85 17 25 57 76 68 86 74 59 15 93 32 98 74 95 96 22 66 19 21 13 41 19 40 32 85 90 55 35 96 20 51 24 50 51 92 30 14 68 49 46 74 70 94 98 56 9 20 97 15 10 31 45 51 17 39 36 35 79 31 40 17 46 38 90 77 66 63 71 11 59 10 45 95 68 60 77 29 
30 19 54 73 3 56 48 0 47 45 28 15 4 70 67 36 39 14 67 34 17 69 38 26 94 75 55 57 60 75 64 40 88 39 81 74 77 35 92 1 79 46 71 69 64 25 8 94 64 2 90 69 15 3 96 96 32 40 63 38 70 88 95 19 85 29 55 91 36 83 24 4 69 3 54 65 2 36 13 61 70 49 38 15 35 30 8 32 21 18 29 49 81 27 71 95 73 79 36 8 
3 11 91 71 88 88 14 47 0 27 32 72 11 76 7 80 75 73 5 51 2 28 13 18 23 84 3 81 70 20 7 40 5 23 72 25 56 74 4 65 75 80 63 62 29 61 61 20 57 86 92 13 19 7 58 7 36 17 35 52 83 85 10 53 4 74 64 7 19 6 21 58 24 72 22 37 96 78 74 21 51 89 21 13 47 75 60 56 80 32 1 77 80 72 44 99 30 62 6 90 
87 36 7 47 33 75 20 45 27 0 37 83 61 1 70 28 9 63 88 78 66 95 83 83 70 84 59 95 5 87 62 78 31 34 2 29 32 82 52 54 54 71 99 18 63 49 18 20 87 30 14 12 65 36 63 11 78 87 59 29 83 92 77 50 19 22 24 6 8 75 20 71 29 69 28 21 75 35 51 63 78 49 16 23 11 1 85 65 46 96 84 33 1 40 3 86 15 61 56 43 
78 57 3 9 17 80 68 28 32 37 0 15 26 73 79 9 21 76 95 56 60 40 22 63 52 70 54 48 20 30 86 30 13 12 61 67 67 1 79 29 98 43 83 5 49 29 90 33 89 39 45 71 96 40 13 81 94 92 44 37 2 57 58 48 60 46 64 8 81 17 61 33 95 65 65 40 38 95 62 96 58 39 70 99 90 87 88 34 50 26 31 42 19 16 14 77 83 32 89 49 
62 54 63 16 76 63 43 15 72 83 15 0 66 85 15 53 42 36 22 91 52 62 4 57 32 36 65 24 60 9 57 76 20 50 47 40 21 39 34 55 46 45 84 37 73 18 69 81 45 2 85 38 26 2 65 31 38 24 25 42 92 10 72 32 22 83 21 15 26 40 44 75 38 96 88 19 28 16 98 63 37 46 84 72 66 72 48 92 25 32 39 58 50 83 29 74 98 74 82 63 
90 54 71 62 30 91 63 4 11 61 26 66 0 26 23 18 93 68 33 41 52 29 64 27 8 70 84 43 90 49 18 98 78 63 23 94 85 66 5 77 43 14 6 52 86 83 70 75 26 69 33 77 10 42 31 24 80 20 68 85 4 24 65 11 80 46 92 76 48 45 35 8 33 52 95 52 98 37 51 83 43 93 12 29 67 10 68 4 8 82 84 29 28 12 25 25 54 87 73 62 
59 95 37 29 37 3 88 70 76 1 73 85 26 0 78 62 21 61 1 23 96 99 24 89 20 56 80 18 17 27 12 46 14 33 76 74 50 90 91 6 94 28 10 25 30 33 19 67 88 23 61 55 96 10 92 23 16 55 30 38 32 94 42 32 88 18 30 39 21 81 32 71 53 55 22 15 63 61 20 79 54 28 89 98 16 91 47 86 59 86 44 74 73 57 62 26 2 18 72 36 
78 70 45 56 61 34 66 67 7 70 79 15 23 78 0 83 13 93 45 65 86 21 38 8 19 44 92 16 55 19 28 11 55 36 4 58 6 33 67 93 34 89 55 39 36 68 52 63 92 33 35 80 50 99 98 33 74 61 71 56 33 44 36 71 5 22 68 5 15 69 80 80 40 48 22 78 24 41 90 16 20 15 23 31 22 7 18 40 92 50 50 40 35 16 43 20 42 74 48 71 
35 60 27 7 70 36 83 36 80 28 9 53 18 62 83 0 60 81 98 51 91 72 95 78 76 72 80 33 97 13 60 37 23 52 43 70 36 3 36 22 81 47 85 19 67 71 79 22 40 58 29 63 97 7 22 81 40 4 71 41 24 11 71 97 21 5 40 92 62 13 12 36 41 11 24 57 73 1 75 97 93 50 98 4 64 2 15 18 6 37 35 99 89 2 52 3 33 93 1 15 
94 67 57 63 6 33 85 39 75 9 21 42 93 21 13 60 0 28 90 26 3 29 34 42 66 55 60 16 29 11 64 59 98 98 23 62 97 12 32 64 5 89 88 71 20 22 7 35 77 86 55 4 26 6 12 43 6 99 57 55 28 28 69 81 5 99 42 25 18 44 9 74 84 9 81 69 6 94 90 76 55 85 30 40 94 81 90 53 72 95 9 20 92 28 91 62 14 65 39 33 
74 78 24 1 29 11 65 14 73 63 76 36 68 61 93 81 28 0 59 33 46 4 3 33 3 56 1 10 53 80 58 72 51 3 82 10 78 23 97 24 39 7 5 38 16 15 53 91 4 91 89 57 84 11 56 42 83 17 28 67 59 24 31 91 66 30 48 92 46 19 44 66 84 86 30 38 90 79 83 68 37 72 55 43 21 75 77 17 61 7 94 20 34 6 50 80 28 34 31 80 
92 94 36 29 47 80 75 67 5 88 95 22 33 1 45 98 90 59 0 21 34 14 98 88 99 19 48 19 15 2 85 50 25 92 63 12 3 34 32 87 53 95 63 63 46 30 78 2 96 58 68 89 83 39 94 7 60 7 42 65 4 36 29 58 67 20 37 74 15 27 57 18 56 8 41 90 88 16 18 58 71 41 99 98 2 88 24 1 53 14 33 55 47 51 79 92 90 40 30 86 
13 21 49 93 57 11 32 34 51 78 56 91 41 23 65 51 26 33 21 0 59 91 64 24 84 90 44 19 97 91 30 83 88 75 65 53 47 65 56 44 36 43 87 70 74 45 16 88 56 39 56 81 5 95 19 81 83 92 9 12 60 70 43 69 44 39 99 19 96 5 54 18 37 81 16 53 30 52 16 93 1 89 75 55 41 46 82 77 67 43 20 91 82 4 80 16 9 97 87 20 
25 7 73 77 96 22 46 17 2 66 60 52 52 96 86 91 3 46 34 59 0 54 80 80 15 57 3 75 6 83 40 53 64 28 48 94 62 81 78 16 7 23 56 10 39 96 75 64 34 25 97 57 42 42 95 90 35 68 63 69 90 27 9 94 66 17 55 68 17 59 67 74 75 10 30 55 96 53 7 13 44 6 72 89 27 5 90 42 87 18 4 52 27 71 95 10 74 19 34 95 
23 48 36 66 17 71 45 69 28 95 40 62 29 99 21 72 29 4 14 91 54 0 88 30 20 13 98 56 50 80 63 27 48 40 76 40 40 6 77 10 41 85 93 19 50 21 94 54 70 59 73 54 94 25 14 72 77 80 1 67 83 57 99 14 88 59 71 83 99 77 55 45 56 71 80 63 14 19 35 31 38 7 55 19 31 49 82 86 15 24 15 15 80 7 25 31 49 79 74 65 
21 4 1 6 54 27 85 38 13 83 22 4 64 24 38 95 34 3 98 64 80 88 0 37 23 84 23 77 41 88 9 86 40 45 79 38 8 25 75 21 13 46 91 44 89 83 47 80 91 16 18 87 6 44 88 25 7 42 73 82 42 63 86 48 24 84 2 44 15 94 64 27 2 15 34 10 17 59 79 2 27 13 36 94 40 49 26 16 40 70 53 83 11 62 4 62 54 68 19 64 
20 98 99 24 54 17 17 26 18 83 63 57 27 89 8 78 42 33 88 24 80 30 37 0 82 84 93 93 51 59 76 90 42 6 6 51 69 11 70 94 83 65 24 48 82 69 37 28 83 53 34 76 66 76 75 40 57 29 44 54 43 9 8 99 2 90 83 19 26 67 23 47 31 78 97 47 38 96 24 95 93 10 27 21 38 43 38 49 82 66 71 23 8 51 35 84 27 96 50 77 
90 93 10 66 62 45 25 94 23 70 52 32 8 20 19 76 66 3 99 84 15 20 23 82 0 49 99 23 47 75 83 39 19 60 72 33 1 71 20 99 14 94 64 93 2 1 47 97 2 18 34 92 28 46 14 9 84 40 81 19 22 10 85 7 55 47 72 8 93 44 74 44 54 12 96 53 45 52 29 22 71 98 67 30 46 83 41 38 84 44 48 81 34 18 97 35 33 45 34 9 
1 36 46 75 37 35 57 75 84 84 70 36 70 56 44 72 55 56 19 90 57 13 84 84 49 0 57 35 80 25 28 9 53 48 58 70 83 12 4 18 14 24 91 63 84 86 5 56 94 3 80 85 44 28 13 46 55 25 10 64 49 77 4 53 8 31 53 88 87 8 48 92 3 69 48 3 65 75 56 17 71 97 94 91 58 62 40 90 90 62 6 49 5 8 35 58 93 78 81 34 
66 64 40 9 81 74 76 55 3 59 54 65 84 80 92 80 60 1 48 44 3 98 23 93 99 57 0 29 24 45 86 20 86 35 19 10 97 34 13 95 3 39 16 81 86 43 66 55 51 29 5 78 94 60 84 3 87 25 35 4 43 16 8 9 16 7 23 53 19 20 77 36 76 17 31 66 22 37 5 24 41 3 43 12 90 3 39 89 77 1 14 19 23 64 15 72 17 53 26 44 
35 45 85 60 86 76 68 57 81 95 48 24 43 18 16 33 16 10 19 19 75 56 77 93 23 35 29 0 75 76 93 26 98 60 10 72 59 20 88 31 6 82 69 54 17 67 79 62 88 62 90 88 91 83 11 76 76 94 34 36 76 54 88 56 71 40 20 70 63 73 42 70 41 58 91 68 68 48 4 92 84 92 81 41 46 45 47 44 98 91 52 94 1 86 36 76 19 59 26 39 
33 44 6 4 88 28 86 60 70 5 20 60 90 17 55 97 29 53 15 97 6 50 41 51 47 80 24 75 0 70 66 41 93 63 54 10 22 12 18 62 11 51 14 99 7 63 12 22 57 11 33 77 94 4 90 59 97 86 54 90 69 88 48 8 12 12 28 24 93 84 37 49 8 92 81 57 31 83 24 77 57 65 44 10 18 8 68 28 87 41 97 72 59 96 55 7 99 46 74 27 
88 39 25 68 98 5 74 75 20 87 30 9 49 27 19 13 11 80 2 91 83 80 88 59 75 25 45 76 70 0 73 98 52 8 30 40 85 59 68 25 12 7 45 32 87 40 59 9 7 54 75 74 96 27 15 47 8 55 84 49 20 15 57 35 88 25 86 42 46 11 79 72 85 46 82 5 58 63 19 74 76 4 49 95 91 7 55 63 9 15 59 26 28 76 53 48 62 39 46 73 
25 89 33 63 50 99 59 64 7 62 86 57 18 12 28 60 64 58 85 30 40 63 9 76 83 28 86 93 66 73 0 24 13 37 86 44 83 87 97 83 64 10 46 34 84 55 39 56 62 6 41 50 92 72 1 92 95 76 63 68 32 32 25 11 64 21 99 67 47 41 49 27 28 54 35 17 52 1 60 3 39 4 47 4 45 32 24 46 56 54 78 89 31 35 15 34 58 24 13 21 
12 64 46 42 89 28 15 40 40 78 30 76 98 46 11 37 59 72 50 83 53 27 86 90 39 9 20 26 41 98 24 0 19 81 19 87 37 80 25 50 10 52 36 74 80 92 19 25 74 9 66 52 39 21 62 93 16 98 80 53 87 45 4 54 24 7 85 96 69 30 71 42 8 35 63 48 27 29 70 59 28 28 17 12 21 20 59 29 8 28 82 65 41 92 18 1 32 73 54 21 
16 7 31 74 17 86 93 88 5 31 13 20 78 14 55 23 98 51 25 88 64 48 40 42 19 53 86 98 93 52 13 19 0 99 50 2 85 42 33 66 36 14 74 82 31 4 77 89 57 74 8 79 31 77 87 3 98 3 86 74 80 66 97 48 61 2 2 15 57 57 90 85 87 78 4 12 51 44 5 23 58 71 46 9 19 42 1 44 20 57 55 62 95 92 59 15 54 42 51 82 
70 98 28 43 82 90 32 39 23 34 12 50 63 33 36 52 98 3 92 75 28 40 45 6 60 48 35 60 63 8 37 81 99 0 19 44 12 85 82 47 1 81 14 39 14 71 16 78 7 7 97 66 51 31 25 80 34 47 34 21 90 22 67 87 75 47 18 39 59 52 38 51 56 94 2 23 71 16 67 60 73 99 54 59 82 12 48 52 72 61 67 14 86 60 6 3 62 24 82 26 
59 44 55 80 51 54 98 81 72 2 61 47 23 76 4 43 23 82 63 65 48 76 79 6 72 58 19 10 54 30 86 19 50 19 0 55 95 3 14 72 19 74 83 1 57 83 78 36 89 60 80 94 56 57 42 25 12 50 78 3 42 8 45 8 1 27 38 80 45 62 56 60 96 83 46 87 18 71 90 96 47 75 32 49 55 53 22 58 76 23 67 52 1 47 72 17 35 51 51 77 
46 46 68 81 59 32 74 74 25 29 67 40 94 74 58 70 62 10 12 53 94 40 38 51 33 70 10 72 10 40 44 87 2 44 55 0 53 35 95 39 42 60 92 74 45 71 51 65 21 38 68 68 20 72 57 46 6 14 81 7 92 31 36 5 56 39 90 44 92 74 48 39 42 21 43 63 4 55 14 59 24 74 86 32 88 84 13 73 23 27 68 2 95 98 88 95 70 58 28 44 
63 83 53 67 32 48 95 77 56 32 67 21 85 50 6 36 97 78 3 47 62 40 8 69 1 83 97 59 22 85 83 37 85 12 95 53 0 58 68 28 98 54 68 71 17 82 34 25 11 46 94 32 77 15 95 48 35 18 61 24 26 9 30 76 22 48 60 83 92 71 37 39 68 7 87 94 57 92 49 31 55 48 93 94 6 78 45 20 33 60 90 87 33 55 31 44 28 37 82 22 
11 30 41 96 71 28 96 35 74 82 1 39 66 90 33 3 12 23 34 65 81 6 25 11 71 12 34 20 12 59 87 80 42 85 3 35 58 0 70 67 41 91 4 5 49 76 63 67 79 75 42 59 49 16 73 80 6 84 79 85 77 47 31 77 49 31 67 54 44 55 15 12 66 86 73 17 6 30 77 58 36 96 28 87 25 81 1 43 85 90 96 5 70 39 91 40 63 76 97 91 
29 87 43 14 77 36 22 92 4 52 79 34 5 91 67 36 32 97 32 56 78 77 75 70 20 4 13 88 18 68 97 25 33 82 14 95 68 70 0 51 42 24 84 42 23 52 92 98 13 98 46 65 31 78 6 68 22 61 9 27 86 16 97 99 45 44 31 84 14 92 10 94 89 52 91 25 96 28 48 49 30 84 24 50 11 70 63 11 21 92 45 7 19 78 18 80 92 75 60 64 
69 47 15 14 11 39 66 1 65 54 29 55 77 6 93 22 64 24 87 44 16 10 21 94 99 18 95 31 62 25 83 50 66 47 72 39 28 67 51 0 75 34 42 47 49 18 60 11 4 95 71 65 34 55 17 2 67 87 78 68 99 90 41 37 28 32 90 12 60 35 57 82 89 8 94 66 23 93 41 27 31 57 24 40 24 87 62 70 27 27 44 42 36 11 4 60 52 39 15 80 
95 45 20 21 19 95 19 79 75 54 98 46 43 94 34 81 5 39 53 36 7 41 13 83 14 14 3 6 11 12 64 10 36 1 19 42 98 41 42 75 0 66 31 74 56 81 18 45 96 57 18 2 36 67 31 40 50 47 19 26 42 13 88 22 18 47 67 67 60 27 66 54 51 84 28 86 37 73 68 42 64 44 81 37 35 95 38 23 54 94 45 94 34 46 89 49 62 2 34 84 
25 48 64 38 54 31 21 46 80 71 43 45 14 28 89 47 89 7 95 43 23 85 46 65 94 24 39 82 51 7 10 52 14 81 74 60 54 91 24 34 66 0 49 85 91 55 80 29 54 92 8 83 80 7 81 26 40 60 57 97 11 50 98 8 23 73 97 43 51 32 31 14 43 30 75 56 4 27 4 61 93 9 91 29 79 33 43 88 4 10 65 50 91 68 12 71 66 92 21 21 
91 33 27 22 75 63 13 71 63 99 83 84 6 10 55 85 88 5 63 87 56 93 91 24 64 91 16 69 14 45 46 36 74 14 83 92 68 4 84 42 31 49 0 3 48 62 42 87 3 23 65 98 54 42 94 91 76 41 22 4 84 31 67 49 42 61 28 33 99 9 19 51 4 25 88 90 51 77 96 21 20 8 36 82 94 3 85 52 56 44 71 97 99 8 43 4 37 79 2 95 
26 3 56 68 55 43 41 69 62 18 5 37 52 25 39 19 71 38 63 70 10 19 44 48 93 63 81 54 99 32 34 74 82 39 1 74 71 5 42 47 74 85 3 0 37 87 32 11 80 64 54 61 61 83 31 52 25 82 87 72 75 76 35 40 34 25 85 18 85 23 43 60 96 89 41 50 43 31 38 39 17 30 23 77 74 73 47 53 79 33 36 91 96 37 95 78 14 38 66 28 
62 27 46 92 82 28 19 64 29 63 49 73 86 30 36 67 20 16 46 74 39 50 89 82 2 84 86 17 7 87 84 80 31 14 57 45 17 49 23 49 56 91 48 37 0 23 10 43 69 47 93 10 74 54 5 10 87 30 46 96 8 56 20 92 54 67 81 97 74 30 44 65 48 26 78 15 4 66 88 64 41 32 29 70 58 78 61 68 69 59 72 75 31 46 84 63 43 97 80 79 
78 75 80 13 72 90 40 25 61 49 29 18 83 33 68 71 22 15 30 45 96 21 83 69 1 86 43 67 63 40 55 92 4 71 83 71 82 76 52 18 81 55 62 87 23 0 65 22 41 88 91 19 70 28 28 37 57 75 43 21 69 82 2 95 36 83 56 64 1 52 35 53 13 2 71 96 19 90 19 83 55 55 10 62 73 98 92 32 6 93 5 1 20 2 10 57 49 68 77 28 
67 69 98 70 10 32 32 8 61 18 90 69 70 19 52 79 7 53 78 16 75 94 47 37 47 5 66 79 12 59 39 19 77 16 78 51 34 63 92 60 18 80 42 32 10 65 0 59 21 19 61 31 94 46 17 22 36 93 7 1 4 63 53 83 20 2 20 4 78 14 83 21 79 3 86 6 84 25 54 10 72 87 22 53 80 33 29 47 15 65 48 71 20 72 5 30 77 67 42 6 
88 40 37 86 48 18 85 94 20 20 33 81 75 67 63 22 35 91 2 88 64 54 80 28 97 56 55 62 22 9 56 25 89 78 36 65 25 67 98 11 45 29 87 11 43 22 59 0 41 17 5 50 65 4 78 93 40 48 70 47 90 59 62 76 40 61 28 86 26 13 40 50 36 17 54 73 56 8 8 52 37 23 18 15 7 51 3 85 91 54 24 5 58 59 80 82 4 16 31 68 
17 24 42 87 22 99 90 64 57 87 89 45 26 88 92 40 77 4 96 56 34 70 91 83 2 94 51 88 57 7 62 74 57 7 89 21 11 79 13 4 96 54 3 80 69 41 21 41 0 64 28 85 2 30 33 59 17 40 55 2 67 68 94 99 58 45 90 94 41 41 13 84 46 57 22 45 39 48 42 73 51 22 11 60 76 27 23 5 86 5 50 79 58 87 59 50 61 24 73 69 
51 55 31 46 65 69 55 2 86 30 39 2 69 23 33 58 86 91 58 39 25 59 16 53 18 3 29 62 11 54 6 9 74 7 60 38 46 75 98 95 57 92 23 64 47 88 19 17 64 0 1 37 52 45 70 63 92 98 95 96 47 17 33 85 69 10 9 1 40 89 54 27 41 68 19 88 3 88 34 76 68 7 90 75 58 18 12 49 24 55 86 18 94 42 41 43 22 55 16 70 
56 44 98 99 91 54 35 90 92 14 45 85 33 61 35 29 55 89 68 56 97 73 18 34 34 80 5 90 33 75 41 66 8 97 80 68 94 42 46 71 18 8 65 54 93 91 61 5 28 1 0 3 41 18 77 86 68 27 16 65 58 26 39 45 62 23 98 78 40 38 88 80 96 32 31 7 54 42 73 99 84 3 2 87 5 13 27 54 49 42 61 53 25 16 42 88 63 91 96 18 
70 7 7 60 29 70 96 69 13 12 71 38 77 55 80 63 4 57 89 81 57 54 87 76 92 85 78 88 77 74 50 52 79 66 94 68 32 59 65 65 2 83 98 61 10 19 31 50 85 37 3 0 68 51 45 35 84 35 98 68 77 33 60 38 62 55 9 29 48 10 40 22 54 12 61 31 73 22 11 89 8 75 8 41 81 89 86 69 44 84 32 22 59 48 76 83 23 43 51 23 
21 40 55 44 61 4 20 15 19 65 96 26 10 96 50 97 26 84 83 5 42 94 6 66 28 44 94 91 94 96 92 39 31 51 56 20 77 49 31 34 36 80 54 61 74 70 94 65 2 52 41 68 0 63 14 80 75 99 65 99 18 12 93 72 50 66 40 14 74 81 23 71 72 77 51 89 68 69 52 95 93 71 26 34 23 60 61 8 12 71 17 8 95 72 15 48 81 81 32 46 
98 67 1 39 79 8 51 3 7 36 40 2 42 10 99 7 6 11 39 95 42 25 44 76 46 28 60 83 4 27 72 21 77 31 57 72 15 16 78 55 67 7 42 83 54 28 46 4 30 45 18 51 63 0 1 91 59 60 49 58 94 75 70 98 50 87 33 86 43 15 43 76 26 76 36 29 67 64 7 6 4 55 4 66 85 80 65 57 36 6 7 30 54 40 47 60 77 19 76 19 
11 70 18 11 74 80 24 96 58 63 13 65 31 92 98 22 12 56 94 19 95 14 88 75 14 13 84 11 90 15 1 62 87 25 42 57 95 73 6 17 31 81 94 31 5 28 17 78 33 70 77 45 14 1 0 18 91 56 64 15 42 63 1 98 93 50 84 17 10 46 7 17 41 67 43 29 61 65 9 55 82 79 88 3 54 9 89 61 12 94 3 69 55 18 91 78 67 87 7 38 
7 67 94 8 7 79 50 96 7 11 81 31 24 23 33 81 43 42 7 81 90 72 25 40 9 46 3 76 59 47 92 93 3 80 25 46 48 80 68 2 40 26 91 52 10 37 22 93 59 63 86 35 80 91 18 0 21 48 62 27 2 70 41 45 73 55 85 9 48 7 40 33 52 24 93 65 71 50 91 66 61 32 74 59 3 36 88 92 2 58 61 1 75 97 60 31 90 13 18 8 
43 46 76 90 39 80 51 32 36 78 94 38 80 16 74 40 6 83 60 83 35 77 7 57 84 55 87 76 97 8 95 16 98 34 12 6 35 6 22 67 50 40 76 25 87 57 36 40 17 92 68 84 75 59 91 21 0 28 28 93 6 71 24 95 9 9 74 54 16 6 51 95 78 69 75 71 34 55 34 7 10 31 28 32 60 53 86 38 32 62 2 50 95 66 24 33 53 16 77 31 
50 74 59 29 90 8 92 40 17 87 92 24 20 55 61 4 99 17 7 92 68 80 42 29 40 25 25 94 86 55 76 98 3 47 50 14 18 84 61 87 47 60 41 82 30 75 93 48 40 98 27 35 99 60 56 48 28 0 60 28 26 72 55 75 43 14 54 84 43 70 9 79 3 11 48 3 33 51 44 37 43 32 11 86 42 16 47 25 30 88 82 67 17 96 95 81 36 2 80 89 
71 21 85 87 37 95 30 63 35 59 44 25 68 30 71 71 57 28 42 9 63 1 73 44 81 10 35 34 54 84 63 80 86 34 78 81 61 79 9 78 19 57 22 87 46 43 7 70 55 95 16 98 65 49 64 62 28 60 0 60 99 35 77 21 76 39 72 18 34 91 84 32 82 92 80 12 26 20 20 59 15 93 59 97 29 89 94 11 38 69 65 74 10 14 31 40 22 13 97 20 
35 80 48 56 87 70 14 38 52 29 37 42 85 38 56 41 55 67 65 12 69 67 82 54 19 64 4 36 90 49 68 53 74 21 3 7 24 85 27 68 26 97 4 72 96 21 1 47 2 96 65 68 99 58 15 27 93 28 60 0 31 7 82 4 69 19 94 73 16 86 28 56 19 41 31 47 3 12 66 84 52 16 7 78 91 51 93 81 71 86 8 21 64 5 59 54 78 98 68 77 
40 78 77 69 27 26 68 70 83 83 2 92 4 32 33 24 28 59 4 60 90 83 42 43 22 49 43 76 69 20 32 87 80 90 42 92 26 77 86 99 42 11 84 75 8 69 4 90 67 47 58 77 18 94 42 2 6 26 99 31 0 10 48 25 66 29 10 16 55 25 18 98 31 90 48 5 76 5 39 63 21 64 10 29 18 25 87 88 37 21 80 41 82 7 88 34 1 3 14 37 
69 77 65 47 6 83 49 88 85 92 57 10 24 94 44 11 28 24 36 70 27 57 63 9 10 77 16 54 88 15 32 45 66 22 8 31 9 47 16 90 13 50 31 76 56 82 63 59 68 17 26 33 12 75 63 70 71 72 35 7 10 0 21 71 52 37 85 25 30 43 85 82 54 86 95 65 63 85 12 75 39 89 68 27 42 48 56 73 75 25 22 10 5 16 54 92 43 73 43 50 
34 91 36 94 96 92 46 95 10 77 58 72 65 42 36 71 69 31 29 43 9 99 86 8 85 4 8 88 48 57 25 4 97 67 45 36 30 31 97 41 88 98 67 35 20 2 53 62 94 33 39 60 93 70 1 41 24 55 77 82 48 21 0 57 8 27 31 57 54 3 60 68 98 19 52 29 30 21 53 98 23 79 52 62 13 60 49 67 72 72 8 1 52 56 77 60 79 34 24 93 
81 10 96 67 39 17 74 19 53 50 48 32 11 32 71 97 81 91 58 69 94 14 48 99 7 53 9 56 8 35 11 54 48 87 8 5 76 77 99 37 22 8 49 40 92 95 83 76 99 85 45 38 72 98 98 45 95 75 21 4 25 71 57 0 10 97 56 75 83 60 62 9 24 29 72 97 92 37 54 86 61 96 40 22 23 1 12 22 57 38 43 9 35 48 13 92 35 95 81 73 
53 39 38 65 28 57 70 85 4 19 60 22 80 88 5 21 5 66 67 44 66 88 24 2 55 8 16 71 12 88 64 24 61 75 1 56 22 49 45 28 18 23 42 34 54 36 20 40 58 69 62 62 50 50 93 73 9 43 76 69 66 52 8 10 0 57 68 83 20 30 84 83 23 83 27 66 70 81 80 21 23 78 79 69 86 24 61 9 97 50 22 17 68 67 71 89 80 29 84 67 
16 27 48 83 3 62 94 29 74 22 46 83 46 18 22 5 99 30 20 39 17 59 84 90 47 31 7 40 12 25 21 7 2 47 27 39 48 31 44 32 47 73 61 25 67 83 2 61 45 10 23 55 66 87 50 55 9 14 39 19 29 37 27 97 57 0 84 58 39 4 92 21 56 42 18 28 13 55 58 50 52 17 56 34 55 52 66 95 16 28 18 87 58 52 55 9 58 37 7 63 
76 6 38 88 51 14 98 55 64 24 64 21 92 30 68 40 42 48 37 99 55 71 2 83 72 53 23 20 28 86 99 85 2 18 38 90 60 67 31 90 67 97 28 85 81 56 20 28 90 9 98 9 40 33 84 85 74 54 72 94 10 85 31 56 68 84 0 4 76 57 22 39 11 22 7 59 26 51 44 74 63 85 15 15 75 80 38 99 10 25 20 51 65 87 99 52 86 80 45 50 
58 93 85 61 50 66 56 91 7 6 8 15 76 39 5 92 25 92 74 19 68 83 44 19 8 88 53 70 24 42 67 96 15 39 80 44 83 54 84 12 67 43 33 18 97 64 4 86 94 1 78 29 14 86 17 9 54 84 18 73 16 25 57 75 83 58 4 0 64 4 6 1 71 55 67 42 40 59 64 13 88 4 41 87 4 44 45 55 99 56 39 1 44 99 5 34 82 79 54 9 
49 40 12 13 79 26 9 36 19 8 81 26 48 21 15 62 18 46 15 96 17 99 15 26 93 87 19 63 93 46 47 69 57 59 45 92 92 44 14 60 60 51 99 85 74 1 78 26 41 40 40 48 74 43 10 48 16 43 34 16 55 30 54 83 20 39 76 64 0 50 51 83 76 98 77 8 43 25 72 10 39 47 30 36 84 81 95 78 68 6 63 66 21 28 52 22 83 63 64 82 
48 71 25 92 64 25 20 83 6 75 17 40 45 81 69 13 44 19 27 5 59 77 94 67 44 8 20 73 84 11 41 30 57 52 62 74 71 55 92 35 27 32 9 23 30 52 14 13 41 89 38 10 81 15 46 7 6 70 91 86 25 43 3 60 30 4 57 4 50 0 66 43 56 66 9 33 34 71 6 31 18 78 39 60 66 65 73 77 7 95 40 6 80 71 81 79 38 47 87 39 
22 24 63 72 80 59 97 24 21 20 61 44 35 32 80 12 9 44 57 54 67 55 64 23 74 48 77 42 37 79 49 71 90 38 56 48 37 15 10 57 66 31 19 43 44 35 83 40 13 54 88 40 23 43 7 40 51 9 84 28 18 85 60 62 84 92 22 6 51 66 0 80 74 75 70 7 62 51 93 50 50 29 28 56 64 4 25 99 49 83 79 84 53 75 53 31 67 15 77 83 
72 9 16 70 2 31 15 4 58 71 33 75 8 71 80 36 74 66 18 18 74 45 27 47 44 92 36 70 49 72 27 42 85 51 60 39 39 12 94 82 54 14 51 60 65 53 21 50 84 27 80 22 71 76 17 33 95 79 32 56 98 82 68 9 83 21 39 1 83 43 80 0 72 45 92 54 19 40 81 27 74 67 66 39 83 74 11 81 58 37 10 98 44 4 1 68 3 93 70 15 
21 30 4 28 26 26 10 69 24 29 95 38 33 53 40 41 84 84 56 37 75 56 2 31 54 3 76 41 8 85 28 8 87 56 96 42 68 66 89 89 51 43 4 96 48 13 79 36 46 41 96 54 72 26 41 52 78 3 82 19 31 54 98 24 23 56 11 71 76 56 74 72 0 15 9 30 51 88 62 77 99 50 32 51 74 6 28 9 98 55 62 95 23 48 50 56 22 64 79 73 
89 63 14 47 78 63 31 3 72 69 65 96 52 55 48 11 9 86 8 81 10 71 15 78 12 69 17 58 92 46 54 35 78 94 83 21 7 86 52 8 84 30 25 89 26 2 3 17 57 68 32 12 77 76 67 24 69 11 92 41 90 86 19 29 83 42 22 55 98 66 75 45 15 0 34 94 22 54 25 24 16 61 38 79 57 18 16 53 75 72 42 52 13 55 9 97 71 17 44 18 
49 38 95 29 34 67 45 54 22 28 65 88 95 22 22 24 81 30 41 16 30 80 34 97 96 48 31 91 81 82 35 63 4 2 46 43 87 73 91 94 28 75 88 41 78 71 86 54 22 19 31 61 51 36 43 93 75 48 80 31 48 95 52 72 27 18 7 67 77 9 70 92 9 34 0 62 73 7 63 18 53 91 74 95 71 32 50 44 20 74 30 53 14 82 55 57 61 56 9 16 
84 65 53 92 2 18 51 65 37 21 40 19 52 15 78 57 69 38 90 53 55 63 10 47 53 3 66 68 57 5 17 48 12 23 87 63 94 17 25 66 86 56 90 50 15 96 6 73 45 88 7 31 89 29 29 65 71 3 12 47 5 65 29 97 66 28 59 42 8 33 7 54 30 94 62 0 7 34 88 42 36 42 50 8 46 77 44 85 17 83 87 58 59 95 93 60 75 25 20 87 
56 68 16 34 11 9 17 2 96 75 38 28 98 63 24 73 6 90 88 30 96 14 17 38 45 65 22 68 31 58 52 27 51 71 18 4 57 6 96 23 37 4 51 43 4 19 84 56 39 3 54 73 68 67 61 71 34 33 26 3 76 63 30 92 70 13 26 40 43 34 62 19 51 22 73 7 0 34 67 35 24 55 78 68 34 41 26 54 69 33 50 23 23 31 44 58 9 63 90 71 
4 28 37 81 33 43 39 36 78 35 95 16 37 61 41 1 94 79 16 52 53 19 59 96 52 75 37 48 83 63 1 29 44 16 71 55 92 30 28 93 73 27 77 31 66 90 25 8 48 88 42 22 69 64 65 50 55 51 20 12 5 85 21 37 81 55 51 59 25 71 51 40 88 54 7 34 34 0 66 30 55 5 94 20 88 25 3 20 19 14 79 16 4 18 78 3 18 67 12 10 
23 18 33 76 24 42 36 13 74 51 62 98 51 20 90 75 90 83 18 16 7 35 79 24 29 56 5 4 24 19 60 70 5 67 90 14 49 77 48 41 68 4 96 38 88 19 54 8 42 34 73 11 52 7 9 91 34 44 20 66 39 12 53 54 80 58 44 64 72 6 93 81 62 25 63 88 67 66 0 34 11 59 53 97 2 69 14 24 65 83 68 39 80 32 68 99 20 55 85 73 
90 63 46 58 98 37 35 61 21 63 96 63 83 79 16 97 76 68 58 93 13 31 2 95 22 17 24 92 77 74 3 59 23 60 96 59 31 58 49 27 42 61 21 39 64 83 10 52 73 76 99 89 95 6 55 66 7 37 59 84 63 75 98 86 21 50 74 13 10 31 50 27 77 24 18 42 35 30 34 0 63 89 23 62 45 67 11 28 48 87 92 95 86 72 15 15 18 15 10 30 
36 67 8 35 10 22 79 70 51 78 58 37 43 54 20 93 55 37 71 1 44 38 27 93 71 71 41 84 57 76 39 28 58 73 47 24 55 36 30 31 64 93 20 17 41 55 72 37 51 68 84 8 93 4 82 61 10 43 15 52 21 39 23 61 23 52 63 88 39 18 50 74 99 16 53 36 24 55 11 63 0 2 82 26 58 63 20 54 26 75 5 15 51 99 76 80 18 30 29 56 
6 17 73 28 12 54 31 49 89 49 39 46 93 28 15 50 85 72 41 89 6 7 13 10 98 97 3 92 65 4 4 28 71 99 75 74 48 96 84 57 44 9 8 30 32 55 87 23 22 7 3 75 71 55 79 32 31 32 93 16 64 89 79 96 78 17 85 4 47 78 29 67 50 61 91 42 55 5 59 89 2 0 59 60 70 28 70 20 34 83 59 95 45 17 90 12 47 31 6 42 
80 88 21 52 32 62 40 38 21 16 70 84 12 89 23 98 30 55 99 75 72 55 36 27 67 94 43 81 44 49 47 17 46 54 32 86 93 28 24 24 81 91 36 23 29 10 22 18 11 90 2 8 26 4 88 74 28 11 59 7 10 68 52 40 79 56 15 41 30 39 28 66 32 38 74 50 78 94 53 23 82 59 0 64 37 72 58 27 67 54 85 24 15 70 53 1 3 1 20 98 
66 50 91 6 32 77 17 15 13 23 99 72 29 98 31 4 40 43 98 55 89 19 94 21 30 91 12 41 10 95 4 12 9 59 49 32 94 87 50 40 37 29 82 77 70 62 53 15 60 75 87 41 34 66 3 59 32 86 97 78 29 27 62 22 69 34 15 87 36 60 56 39 51 79 95 8 68 20 97 62 26 60 64 0 83 27 74 20 5 74 75 27 22 23 23 68 83 63 54 30 
29 83 56 2 89 99 46 35 47 11 90 66 67 16 22 64 94 21 2 41 27 31 40 38 46 58 90 46 18 91 45 21 19 82 55 88 6 25 11 24 35 79 94 74 58 73 80 7 76 58 5 81 23 85 54 3 60 42 29 91 18 42 13 23 86 55 75 4 84 66 64 83 74 57 71 46 34 88 2 45 58 70 37 83 0 93 71 33 4 68 71 36 74 73 50 88 29 83 22 85 
49 31 21 77 3 42 38 30 75 1 87 72 10 91 7 2 81 75 88 46 5 49 49 43 83 62 3 45 8 7 32 20 42 12 53 84 78 81 70 87 95 33 3 73 78 98 33 51 27 18 13 89 60 80 9 36 53 16 89 51 25 48 60 1 24 52 80 44 81 65 4 74 6 18 32 77 41 25 69 67 63 28 72 27 93 0 64 50 69 16 16 93 91 40 78 32 74 59 49 51 
29 92 30 8 79 15 90 8 60 85 88 48 68 47 18 15 90 77 24 82 90 82 26 38 41 40 39 47 68 55 24 59 1 48 22 13 45 1 63 62 38 43 85 47 61 92 29 3 23 12 27 86 61 65 89 88 86 47 94 93 87 56 49 12 61 66 38 45 95 73 25 11 28 16 50 44 26 3 14 11 20 70 58 74 71 64 0 92 81 41 28 97 60 25 22 74 4 30 24 27 
59 10 12 55 17 65 77 32 56 65 34 92 4 86 40 18 53 17 1 77 42 86 16 49 38 90 89 44 28 63 46 29 44 52 58 73 20 43 11 70 23 88 52 53 68 32 47 85 5 49 54 69 8 57 61 92 38 25 11 81 88 73 67 22 9 95 99 55 78 77 99 81 9 53 44 85 54 20 24 28 54 20 27 20 33 50 92 0 12 70 5 79 64 24 39 37 1 18 36 27 
59 68 40 21 99 28 66 21 80 46 50 25 8 59 92 6 72 61 53 67 87 15 40 82 84 90 77 98 87 9 56 8 20 72 76 23 33 85 21 27 54 4 56 79 69 6 15 91 86 24 49 44 12 36 12 2 32 30 38 71 37 75 72 57 97 16 10 99 68 7 49 58 98 75 20 17 69 19 65 48 26 34 67 5 4 69 81 12 0 20 84 77 33 42 98 77 45 55 83 62 
21 49 75 85 6 78 63 18 32 96 26 32 82 86 50 37 95 7 14 43 18 24 70 66 44 62 1 91 41 15 54 28 57 61 23 27 60 90 92 27 94 10 44 33 59 93 65 54 5 55 42 84 71 6 94 58 62 88 69 86 21 25 72 38 50 28 25 56 6 95 83 37 55 72 74 83 33 14 83 87 75 83 54 74 68 16 41 70 20 0 56 99 91 99 22 97 52 58 3 91 
76 38 32 91 56 11 71 29 1 84 31 39 84 44 50 35 9 94 33 20 4 15 53 71 48 6 14 52 97 59 78 82 55 67 67 68 90 96 45 44 45 65 71 36 72 5 48 24 50 86 61 32 17 7 3 61 2 82 65 8 80 22 8 43 22 18 20 39 63 40 79 10 62 42 30 87 50 79 68 92 5 59 85 75 71 16 28 5 84 56 0 91 45 13 11 89 84 2 88 33 
58 16 75 75 57 28 11 49 77 33 42 58 29 74 40 99 20 20 55 91 52 15 83 23 81 49 19 94 72 26 89 65 62 14 52 2 87 5 7 42 94 50 97 91 75 1 71 5 79 18 53 22 8 30 69 1 50 67 74 21 41 10 1 9 17 87 51 1 66 6 84 98 95 52 53 58 23 16 39 95 15 95 24 27 36 93 97 79 77 99 91 0 90 77 94 85 11 16 91 39 
25 54 46 80 81 8 59 81 80 1 19 50 28 73 35 89 92 34 47 82 27 80 11 8 34 5 23 1 59 28 31 41 95 86 1 95 33 70 19 36 34 91 99 96 31 20 20 58 58 94 25 59 95 54 55 75 95 17 10 64 82 5 52 35 68 58 65 44 21 80 53 44 23 13 14 59 23 4 80 86 51 45 15 22 74 91 60 64 33 91 45 90 0 76 49 54 97 41 85 6 
72 55 49 43 7 96 10 27 72 40 16 83 12 57 16 2 28 6 51 4 71 7 62 51 18 8 64 86 96 76 35 92 92 60 47 98 55 39 78 11 46 68 8 37 46 2 72 59 87 42 16 48 72 40 18 97 66 96 14 5 7 16 56 48 67 52 87 99 28 71 75 4 48 55 82 95 31 18 32 72 99 17 70 23 73 40 25 24 42 99 13 77 76 0 14 45 51 65 62 90 
94 73 11 6 43 27 45 71 44 3 14 29 25 62 43 52 91 50 79 80 95 25 4 35 97 35 15 36 55 53 15 18 59 6 72 88 31 91 18 4 89 12 43 95 84 10 5 80 59 41 42 76 15 47 91 60 24 95 31 59 88 54 77 13 71 55 99 5 52 81 53 1 50 9 55 93 44 78 68 15 76 90 53 23 50 78 22 39 98 22 11 94 49 14 0 11 95 65 55 48 
36 95 9 63 44 43 95 95 99 86 77 74 25 26 20 3 62 80 92 16 10 31 62 84 35 58 72 76 7 48 34 1 15 3 17 95 44 40 80 60 49 71 4 78 63 57 30 82 50 43 88 83 48 60 78 31 33 81 40 54 34 92 60 92 89 9 52 34 22 79 31 68 56 97 57 60 58 3 99 15 80 12 1 68 88 32 74 37 77 97 89 85 54 45 11 0 23 36 44 71 
16 9 21 31 2 21 68 73 30 15 83 98 54 2 42 33 14 28 90 9 74 49 54 27 33 93 17 19 99 62 58 32 54 62 35 70 28 63 92 52 62 66 37 14 43 49 77 4 61 22 63 23 81 77 67 90 53 36 22 78 1 43 79 35 80 58 86 82 83 38 67 3 22 71 61 75 9 18 20 18 18 47 3 83 29 74 4 1 45 52 84 11 97 51 95 23 0 31 74 87 
40 77 56 38 44 38 60 79 62 61 32 74 87 18 74 93 65 34 40 97 19 79 68 96 45 78 53 59 46 39 24 73 42 24 51 58 37 76 75 39 2 92 79 38 97 68 67 16 24 55 91 43 81 19 87 13 16 2 13 98 3 73 34 95 29 37 80 79 63 47 15 93 64 17 56 25 63 67 55 15 30 31 1 63 83 59 30 18 55 58 2 16 41 65 65 36 31 0 26 87 
91 87 13 35 51 13 77 36 6 56 89 82 73 72 48 1 39 31 30 87 34 74 19 50 34 81 26 26 74 46 13 54 51 82 51 28 82 97 60 15 34 21 2 66 80 77 42 31 73 16 96 51 32 76 7 18 77 80 97 68 14 43 24 81 84 7 45 54 64 87 77 70 79 44 9 20 90 12 85 10 29 6 20 54 22 49 24 36 83 3 88 91 85 62 55 44 74 26 0 80 
88 10 67 95 46 16 29 8 90 43 49 63 62 36 71 15 33 80 86 20 95 65 64 77 9 34 44 39 27 73 21 21 82 26 77 44 22 91 64 80 84 21 95 28 79 28 6 68 69 70 18 23 46 19 38 8 31 89 20 77 37 50 93 73 67 63 50 9 82 39 83 15 73 18 16 87 71 10 73 30 56 42 98 30 85 51 27 27 62 91 33 39 6 90 48 71 87 87 80 0 
