20 9
0 19 67 26 80 14 71 97 51 5 56 75 27 62 84 23 68 97 14 30 
19 0 32 96 27 45 10 64 23 63 98 54 47 12 16 84 42 58 94 4 
67 32 0 3 71 49 21 93 36 42 84 6 36 85 8 55 68 75 67 61 
26 96 3 0 38 25 56 56 94 11 21 68 53 46 44 8 36 40 48 85 
80 27 71 38 0 45 74 3 40 56 88 53 55 55 54 96 18 48 22 82 
14 45 49 25 45 0 60 30 25 14 95 10 56 82 40 71 4 64 8 96 
71 10 21 56 74 60 0 99 64 12 26 52 82 2 86 57 21 36 91 31 
97 64 93 56 3 30 99 0 79 92 46 39 81 29 61 15 45 17 11 23 
51 23 36 94 40 25 64 79 0 90 32 95 70 57 52 91 84 78 69 18 
5 63 42 11 56 14 12 92 90 0 36 8 90 11 5 76 44 16 56 66 
56 98 84 21 88 95 26 46 32 36 0 47 51 53 10 68 32 84 75 38 
75 54 6 68 53 10 52 39 95 8 47 0 72 70 34 31 75 76 57 64 
27 47 36 53 55 56 82 81 70 90 51 72 0 76 1 84 63 85 19 79 
62 12 85 46 55 82 2 29 57 11 53 70 76 0 25 33 24 9 32 66 
84 16 8 44 54 40 86 61 52 5 10 34 1 25 0 50 53 59 30 56 
23 84 55 8 96 71 57 15 91 76 68 31 84 33 50 0 11 28 38 70 
68 42 68 36 18 4 21 45 84 44 32 75 63 24 53 11 0 14 45 53 
97 58 75 40 48 64 36 17 78 16 84 76 85 9 59 28 14 0 83 71 
14 94 67 48 22 8 91 11 69 56 75 57 19 32 30 38 45 83 0 54 
30 4 61 85 82 96 31 23 18 66 38 64 79 66 56 70 53 71 54 0 
